1 0.42109375000000004 0.6333333333333333 0.1015625 0.35555555555555557
1 0.675 0.31736111111111115 0.045312500000000006 0.16527777777777777
1 0.6125 0.40347222222222223 0.059375000000000004 0.22916666666666669
0 0.283203125 0.27222222222222225 0.08984375 0.11666666666666667
0 0.6390625000000001 0.19166666666666668 0.0421875 0.08333333333333334
0 0.5906250000000001 0.18194444444444446 0.037500000000000006 0.061111111111111116
0 0.526953125 0.3111111111111111 0.11640625 0.16666666666666669
3 0.415625 0.2673611111111111 0.0921875 0.16805555555555557
1 0.358984375 0.27569444444444446 0.01953125 0.1125
0 0.562109375 0.18333333333333335 0.017968750000000002 0.04722222222222222
0 0.46796875000000004 0.23750000000000002 0.0421875 0.09444444444444444
