0 0.283203125 0.27569444444444446 0.08671875000000001 0.1125
0 0.49140625000000004 0.2111111111111111 0.05625 0.09166666666666667
1 0.432421875 0.23750000000000002 0.02421875 0.09166666666666667
1 0.2546875 0.625 0.10625000000000001 0.36388888888888893
1 0.374609375 0.4590277777777778 0.07578125000000001 0.27361111111111114
1 0.48046875 0.5215277777777778 0.0734375 0.2763888888888889
1 0.5691406250000001 0.5333333333333333 0.07265625 0.29444444444444445
1 0.5703125 0.3159722222222222 0.045312500000000006 0.1513888888888889
1 0.6375000000000001 0.22847222222222224 0.028125 0.09583333333333334
1 0.728125 0.2423611111111111 0.03125 0.1125
1 0.761328125 0.2902777777777778 0.03671875 0.14166666666666666
