1 0.67578125 0.32222222222222224 0.0421875 0.17777777777777778
1 0.605078125 0.4083333333333333 0.06171875 0.23055555555555557
1 0.412109375 0.6520833333333333 0.11328125 0.3763888888888889
0 0.28671875 0.2777777777777778 0.0890625 0.11944444444444445
3 0.41914062500000004 0.27222222222222225 0.09140625000000001 0.1527777777777778
0 0.52265625 0.3215277777777778 0.115625 0.18194444444444446
0 0.63671875 0.19166666666666668 0.0421875 0.08333333333333334
0 0.5921875 0.18472222222222223 0.035937500000000004 0.058333333333333334
0 0.5632812500000001 0.18194444444444446 0.026562500000000003 0.05277777777777778
0 0.46914062500000003 0.2388888888888889 0.04296875 0.08055555555555556
1 0.36328125 0.2673611111111111 0.0234375 0.11805555555555557
