1 0.509765625 0.6798611111111111 0.08984375 0.3680555555555556
1 0.378515625 0.6791666666666667 0.09453125000000001 0.3611111111111111
1 0.1953125 0.6381944444444445 0.109375 0.3819444444444445
0 0.28515625 0.2743055555555556 0.084375 0.1125
1 0.49726562500000004 0.3805555555555556 0.05078125 0.19166666666666668
1 0.42890625000000004 0.2701388888888889 0.029687500000000002 0.12083333333333333
1 0.616796875 0.25 0.032031250000000004 0.11944444444444445
1 0.720703125 0.2513888888888889 0.03515625 0.13611111111111113
1 0.45234375000000004 0.22708333333333333 0.021875000000000002 0.09027777777777778
0 0.5046875000000001 0.2 0.0546875 0.08888888888888889
