1 0.27578125000000003 0.5625 0.09062500000000001 0.3416666666666667
1 0.421484375 0.6166666666666667 0.08671875000000001 0.33333333333333337
1 0.5339843750000001 0.625 0.08671875000000001 0.3388888888888889
1 0.41132812500000004 0.28125 0.041406250000000006 0.13194444444444445
1 0.52890625 0.35555555555555557 0.0484375 0.17500000000000002
1 0.62421875 0.23750000000000002 0.0328125 0.11944444444444445
1 0.7230468750000001 0.25277777777777777 0.03359375 0.13333333333333333
0 0.28515625 0.27569444444444446 0.0890625 0.10972222222222222
1 0.444921875 0.22847222222222224 0.02421875 0.09583333333333334
0 0.5015625 0.20625000000000002 0.0546875 0.08194444444444444
1 0.072265625 0.7972222222222223 0.13828125 0.40555555555555556
