0 0.283984375 0.2701388888888889 0.08828125 0.10972222222222222
1 0.5875 0.2951388888888889 0.0390625 0.13472222222222222
1 0.350390625 0.3180555555555556 0.039843750000000004 0.14722222222222223
1 0.507421875 0.48194444444444445 0.06484375 0.25
1 0.5859375 0.4979166666666667 0.065625 0.2625
1 0.412109375 0.4166666666666667 0.07734375 0.24444444444444446
1 0.6429687500000001 0.22013888888888888 0.03125 0.10694444444444445
1 0.74921875 0.28402777777777777 0.034375 0.1486111111111111
1 0.42421875000000003 0.24583333333333335 0.026562500000000003 0.08888888888888889
0 0.484375 0.2138888888888889 0.059375000000000004 0.09444444444444444
1 0.72578125 0.23611111111111113 0.018750000000000003 0.10833333333333334
1 0.32343750000000004 0.5465277777777778 0.0921875 0.31527777777777777
