0 0.28359375000000003 0.27847222222222223 0.08750000000000001 0.12638888888888888
1 0.21835937500000002 0.8465277777777778 0.16171875000000002 0.30694444444444446
1 0.662109375 0.3763888888888889 0.06328125 0.19722222222222224
1 0.5578125 0.4979166666666667 0.08125 0.2791666666666667
1 0.39765625000000004 0.2555555555555556 0.0328125 0.10833333333333334
3 0.060546875 0.47847222222222224 0.11953125 0.2625
0 0.443359375 0.3944444444444445 0.15859375 0.23333333333333334
0 0.6335937500000001 0.19652777777777777 0.043750000000000004 0.07916666666666666
0 0.594140625 0.18333333333333335 0.032031250000000004 0.05277777777777778
0 0.566796875 0.18194444444444446 0.02109375 0.04166666666666667
