1 0.39492187500000003 0.6527777777777778 0.09453125000000001 0.36388888888888893
1 0.51953125 0.6541666666666667 0.096875 0.3666666666666667
1 0.23007812500000002 0.607638888888889 0.10546875 0.3680555555555556
0 0.28359375000000003 0.2763888888888889 0.0890625 0.11111111111111112
1 0.511328125 0.3729166666666667 0.05078125 0.1902777777777778
1 0.7210937500000001 0.25069444444444444 0.037500000000000006 0.12638888888888888
1 0.6175781250000001 0.25069444444444444 0.039843750000000004 0.11805555555555557
1 0.42304687500000004 0.27569444444444446 0.030468750000000003 0.13194444444444445
1 0.448828125 0.22708333333333333 0.025781250000000002 0.08194444444444444
0 0.504296875 0.20069444444444445 0.049218750000000006 0.09027777777777778
