1 0.3609375 0.3159722222222222 0.035937500000000004 0.14027777777777778
1 0.58046875 0.3013888888888889 0.045312500000000006 0.14166666666666666
0 0.284765625 0.27569444444444446 0.08984375 0.10972222222222222
1 0.42812500000000003 0.24305555555555555 0.021875000000000002 0.1
1 0.582421875 0.5111111111111112 0.07109375 0.2833333333333333
1 0.49648437500000003 0.49444444444444446 0.06953125 0.2611111111111111
1 0.296875 0.5777777777777778 0.09531250000000001 0.33055555555555555
1 0.400390625 0.4340277777777778 0.07421875 0.2513888888888889
0 0.486328125 0.2125 0.057031250000000006 0.08888888888888889
1 0.75390625 0.2881944444444445 0.037500000000000006 0.1486111111111111
1 0.6414062500000001 0.22361111111111112 0.025 0.09166666666666667
1 0.7265625 0.24097222222222223 0.026562500000000003 0.10694444444444445
