1 0.2890625 0.5472222222222223 0.08750000000000001 0.33611111111111114
1 0.099609375 0.7895833333333334 0.13203125000000002 0.4152777777777778
1 0.4296875 0.6041666666666667 0.07968750000000001 0.3194444444444445
1 0.5390625 0.6131944444444445 0.0859375 0.33194444444444443
1 0.5339843750000001 0.3513888888888889 0.04453125 0.17222222222222222
0 0.283984375 0.275 0.09140625000000001 0.11388888888888889
1 0.4078125 0.28402777777777777 0.035937500000000004 0.14027777777777778
1 0.626171875 0.23958333333333334 0.032031250000000004 0.11527777777777778
1 0.7250000000000001 0.24583333333333335 0.035937500000000004 0.11944444444444445
1 0.7757812500000001 0.29930555555555555 0.0421875 0.1513888888888889
1 0.444921875 0.2326388888888889 0.02890625 0.09861111111111112
0 0.498828125 0.20416666666666666 0.05859375 0.08611111111111111
