0 0.63828125 0.1902777777777778 0.045312500000000006 0.08888888888888889
1 0.38359375 0.7006944444444445 0.1203125 0.3902777777777778
1 0.6734375 0.32916666666666666 0.059375000000000004 0.18611111111111112
1 0.599609375 0.4201388888888889 0.06328125 0.22916666666666669
0 0.28554687500000003 0.275 0.08984375 0.11944444444444445
1 0.36875 0.26458333333333334 0.026562500000000003 0.10972222222222222
0 0.5109375 0.3263888888888889 0.125 0.18055555555555555
3 0.42578125 0.26458333333333334 0.07187500000000001 0.14305555555555557
0 0.5921875 0.18472222222222223 0.035937500000000004 0.05555555555555556
0 0.564453125 0.17847222222222223 0.017968750000000002 0.04583333333333334
