1 0.17109375000000002 0.7375 0.12187500000000001 0.4388888888888889
1 0.32265625000000003 0.5111111111111112 0.0921875 0.3027777777777778
1 0.45039062500000004 0.5666666666666667 0.08359375000000001 0.3111111111111111
1 0.555078125 0.5784722222222223 0.07734375 0.31527777777777777
0 0.283203125 0.27708333333333335 0.08984375 0.11527777777777778
1 0.39765625000000004 0.2916666666666667 0.0328125 0.13333333333333333
1 0.548828125 0.33263888888888893 0.04453125 0.17083333333333334
1 0.6316406250000001 0.23541666666666666 0.03359375 0.10972222222222222
1 0.7253906250000001 0.24305555555555555 0.032031250000000004 0.11388888888888889
1 0.77265625 0.2923611111111111 0.0421875 0.15416666666666667
0 0.49453125000000003 0.20347222222222222 0.0625 0.09583333333333334
1 0.440234375 0.23125 0.022656250000000003 0.09027777777777778
