1 0.671484375 0.33472222222222225 0.05078125 0.17500000000000002
1 0.5984375000000001 0.42986111111111114 0.06875 0.24305555555555555
1 0.36953125000000003 0.7256944444444444 0.115625 0.4152777777777778
0 0.28515625 0.2743055555555556 0.0890625 0.10972222222222222
1 0.37265625 0.26875 0.025 0.12083333333333333
3 0.4234375 0.2638888888888889 0.07187500000000001 0.14166666666666666
0 0.50390625 0.33333333333333337 0.1234375 0.18888888888888888
0 0.634375 0.19097222222222224 0.0421875 0.08472222222222223
0 0.5921875 0.18472222222222223 0.03125 0.058333333333333334
0 0.5632812500000001 0.17847222222222223 0.026562500000000003 0.04861111111111111
