1 0.41445312500000003 0.6291666666666667 0.08359375000000001 0.33611111111111114
1 0.533203125 0.6347222222222223 0.09140625000000001 0.3527777777777778
1 0.25859375 0.5750000000000001 0.096875 0.3416666666666667
0 0.282421875 0.275 0.09140625000000001 0.12222222222222223
1 0.525390625 0.3611111111111111 0.04296875 0.18611111111111112
1 0.62265625 0.24305555555555555 0.0328125 0.11388888888888889
1 0.721875 0.25069444444444444 0.0390625 0.12916666666666668
1 0.060937500000000006 0.8118055555555556 0.1203125 0.3625
1 0.41523437500000004 0.27847222222222223 0.03671875 0.1375
1 0.448828125 0.22986111111111113 0.01953125 0.09305555555555556
0 0.500390625 0.20555555555555557 0.05859375 0.08333333333333334
