0 0.282421875 0.2763888888888889 0.08984375 0.10555555555555556
1 0.28359375000000003 0.5944444444444444 0.096875 0.3472222222222222
1 0.49140625000000004 0.5055555555555555 0.06406250000000001 0.26666666666666666
1 0.5765625 0.5201388888888889 0.0671875 0.28194444444444444
1 0.577734375 0.3076388888888889 0.04296875 0.1375
1 0.366015625 0.30972222222222223 0.03359375 0.14444444444444446
1 0.3921875 0.44027777777777777 0.07187500000000001 0.2611111111111111
1 0.42812500000000003 0.23819444444444446 0.0234375 0.09027777777777778
0 0.48867187500000003 0.21319444444444446 0.055468750000000004 0.09027777777777778
1 0.63984375 0.225 0.029687500000000002 0.09722222222222222
1 0.75546875 0.28958333333333336 0.034375 0.14027777777777778
1 0.7273437500000001 0.24375000000000002 0.026562500000000003 0.1125
