1 0.1859375 0.7152777777777778 0.125 0.4166666666666667
1 0.333984375 0.4979166666666667 0.08359375000000001 0.30972222222222223
1 0.45820312500000004 0.5597222222222222 0.08203125 0.30833333333333335
1 0.5574218750000001 0.5715277777777777 0.08828125 0.33472222222222225
1 0.5535156250000001 0.3340277777777778 0.05390625 0.16805555555555557
1 0.28125 0.27222222222222225 0.0921875 0.11944444444444445
1 0.392578125 0.29375 0.03359375 0.1375
1 0.6312500000000001 0.23333333333333334 0.037500000000000006 0.11111111111111112
1 0.7253906250000001 0.24305555555555555 0.03359375 0.125
1 0.76875 0.2986111111111111 0.046875 0.15833333333333333
1 0.43984375000000003 0.23194444444444445 0.026562500000000003 0.1
0 0.49375 0.20625000000000002 0.05625 0.08194444444444444
