1 0.225390625 0.6673611111111112 0.11484375000000001 0.39305555555555555
1 0.357421875 0.4791666666666667 0.08203125 0.2888888888888889
1 0.46914062500000003 0.5388888888888889 0.07890625000000001 0.2972222222222222
1 0.56640625 0.5513888888888889 0.0765625 0.3194444444444445
0 0.28359375000000003 0.2729166666666667 0.09375 0.12638888888888888
1 0.385546875 0.2972222222222222 0.039843750000000004 0.13333333333333333
1 0.564453125 0.31875000000000003 0.041406250000000006 0.15416666666666667
1 0.6371093750000001 0.23541666666666666 0.02890625 0.11527777777777778
1 0.7265625 0.24166666666666667 0.029687500000000002 0.1277777777777778
1 0.7660156250000001 0.29305555555555557 0.041406250000000006 0.16111111111111112
1 0.43671875000000004 0.23194444444444445 0.026562500000000003 0.11111111111111112
0 0.4921875 0.2076388888888889 0.059375000000000004 0.08472222222222223
