1 0.20078125000000002 0.6861111111111111 0.1171875 0.41111111111111115
1 0.34492187500000004 0.48888888888888893 0.08515625 0.29444444444444445
1 0.5609375 0.5625 0.078125 0.3138888888888889
1 0.464453125 0.5520833333333334 0.07421875 0.29583333333333334
1 0.55703125 0.32916666666666666 0.043750000000000004 0.1638888888888889
1 0.390234375 0.29375 0.03671875 0.13194444444444445
0 0.28203125 0.2701388888888889 0.09062500000000001 0.12083333333333333
1 0.4375 0.23125 0.026562500000000003 0.10138888888888889
0 0.4921875 0.20694444444444446 0.0546875 0.09166666666666667
1 0.633984375 0.23333333333333334 0.02890625 0.11388888888888889
1 0.727734375 0.24305555555555555 0.03671875 0.125
1 0.7671875 0.2965277777777778 0.045312500000000006 0.1625
