1 0.501171875 0.48750000000000004 0.06640625 0.26666666666666666
1 0.35703125 0.31319444444444444 0.0421875 0.15694444444444444
0 0.28125 0.27569444444444446 0.0921875 0.12083333333333333
1 0.5828125000000001 0.2972222222222222 0.040625 0.14444444444444446
1 0.425390625 0.24444444444444446 0.025781250000000002 0.09722222222222222
1 0.6429687500000001 0.2215277777777778 0.0234375 0.09861111111111112
1 0.75390625 0.2868055555555556 0.037500000000000006 0.14305555555555557
1 0.30976562500000004 0.5625 0.10234375000000001 0.3277777777777778
1 0.5859375 0.5055555555555555 0.0703125 0.2777777777777778
0 0.4859375 0.21319444444444446 0.059375000000000004 0.09027777777777778
1 0.724609375 0.23958333333333334 0.02421875 0.10694444444444445
