1 0.66171875 0.36875 0.0546875 0.20416666666666666
1 0.56484375 0.49097222222222225 0.07187500000000001 0.2763888888888889
0 0.282421875 0.2729166666666667 0.08984375 0.11805555555555557
3 0.051171875000000006 0.48541666666666666 0.10078125 0.2652777777777778
1 0.244140625 0.8333333333333334 0.15234375 0.33333333333333337
0 0.44843750000000004 0.3826388888888889 0.15000000000000002 0.22083333333333335
1 0.39375000000000004 0.2534722222222222 0.029687500000000002 0.09861111111111112
0 0.633984375 0.19444444444444445 0.04296875 0.08888888888888889
0 0.565625 0.1798611111111111 0.0234375 0.04583333333333334
0 0.594921875 0.1840277777777778 0.032031250000000004 0.05694444444444444
