1 0.3875 0.6687500000000001 0.1 0.3625
1 0.21015625000000002 0.6222222222222222 0.1078125 0.37222222222222223
1 0.51328125 0.670138888888889 0.09531250000000001 0.3652777777777778
0 0.2828125 0.2777777777777778 0.0890625 0.11666666666666667
1 0.50546875 0.3784722222222222 0.0484375 0.19305555555555556
1 0.42812500000000003 0.275 0.0328125 0.125
1 0.619140625 0.25069444444444444 0.030468750000000003 0.12083333333333333
1 0.7195312500000001 0.2520833333333333 0.037500000000000006 0.12361111111111112
0 0.5046875000000001 0.2013888888888889 0.053125000000000006 0.08611111111111111
1 0.45234375000000004 0.22708333333333333 0.026562500000000003 0.08750000000000001
