1 0.26875 0.820138888888889 0.1453125 0.3597222222222222
1 0.66328125 0.36388888888888893 0.059375000000000004 0.20833333333333334
1 0.5691406250000001 0.47708333333333336 0.07578125000000001 0.27083333333333337
0 0.284765625 0.2763888888888889 0.08984375 0.11666666666666667
1 0.390625 0.2576388888888889 0.029687500000000002 0.1125
0 0.45859375 0.3715277777777778 0.146875 0.22083333333333335
0 0.5652343750000001 0.18055555555555555 0.022656250000000003 0.05
0 0.5945312500000001 0.18333333333333335 0.0328125 0.058333333333333334
0 0.633984375 0.1951388888888889 0.04296875 0.08750000000000001
3 0.0484375 0.48958333333333337 0.09531250000000001 0.24861111111111112
