1 0.67734375 0.3159722222222222 0.043750000000000004 0.16527777777777777
1 0.431640625 0.6173611111111111 0.10234375000000001 0.3458333333333333
1 0.612890625 0.3944444444444445 0.06015625 0.22222222222222224
0 0.5320312500000001 0.30972222222222223 0.109375 0.17777777777777778
0 0.284765625 0.27222222222222225 0.08984375 0.11666666666666667
3 0.41250000000000003 0.2798611111111111 0.09375 0.15416666666666667
1 0.354296875 0.2715277777777778 0.022656250000000003 0.10694444444444445
0 0.463671875 0.24722222222222223 0.04609375 0.1
0 0.5906250000000001 0.18125 0.037500000000000006 0.059722222222222225
0 0.56171875 0.17916666666666667 0.021875000000000002 0.05
0 0.6390625000000001 0.18888888888888888 0.040625 0.07777777777777778
