1 0.44257812500000004 0.757638888888889 0.11640625 0.4152777777777778
1 0.5953125 0.32916666666666666 0.0546875 0.17777777777777778
1 0.6671875 0.2729166666666667 0.035937500000000004 0.14027777777777778
1 0.69453125 0.24444444444444446 0.035937500000000004 0.13333333333333333
0 0.362109375 0.3041666666666667 0.10703125000000001 0.13055555555555556
2 0.2 0.40069444444444446 0.184375 0.2652777777777778
3 0.19687500000000002 0.40555555555555556 0.19062500000000002 0.2638888888888889
0 0.268359375 0.2652777777777778 0.06328125 0.09166666666666667
0 0.6195312500000001 0.22291666666666668 0.051562500000000004 0.09583333333333334
0 0.5632812500000001 0.19375 0.043750000000000004 0.059722222222222225
