0 0.28359375000000003 0.27361111111111114 0.08750000000000001 0.11666666666666667
0 0.484375 0.21597222222222223 0.059375000000000004 0.09027777777777778
1 0.334765625 0.5368055555555555 0.09453125000000001 0.30694444444444446
1 0.51015625 0.47708333333333336 0.06406250000000001 0.2513888888888889
1 0.58984375 0.49097222222222225 0.065625 0.26805555555555555
1 0.42265625 0.4076388888888889 0.06875 0.24583333333333335
1 0.34375 0.3180555555555556 0.043750000000000004 0.14166666666666666
1 0.42109375000000004 0.24097222222222223 0.0234375 0.09305555555555556
1 0.590234375 0.28750000000000003 0.03828125 0.1388888888888889
1 0.6449218750000001 0.22291666666666668 0.022656250000000003 0.09027777777777778
1 0.7488281250000001 0.28958333333333336 0.03671875 0.14305555555555557
