1 0.669140625 0.34652777777777777 0.05390625 0.19305555555555556
1 0.34140625 0.7708333333333334 0.1296875 0.4416666666666667
1 0.5886718750000001 0.4444444444444445 0.06640625 0.24722222222222223
0 0.283203125 0.275 0.08984375 0.11388888888888889
1 0.38125000000000003 0.2652777777777778 0.0234375 0.11388888888888889
0 0.48867187500000003 0.3472222222222222 0.13203125000000002 0.2
0 0.6355468750000001 0.19236111111111112 0.04453125 0.08472222222222223
0 0.59296875 0.1840277777777778 0.0328125 0.05694444444444444
0 0.566015625 0.18125 0.022656250000000003 0.04027777777777778
3 0.427734375 0.2590277777777778 0.06171875 0.14305555555555557
