1 0.565625 0.31666666666666665 0.0421875 0.15
0 0.283203125 0.2743055555555556 0.08984375 0.1125
1 0.56875 0.5437500000000001 0.07500000000000001 0.2986111111111111
1 0.47578125000000004 0.5319444444444444 0.07500000000000001 0.28055555555555556
1 0.365234375 0.4708333333333333 0.07578125000000001 0.2777777777777778
1 0.23789062500000002 0.6451388888888889 0.10546875 0.3736111111111111
1 0.6375000000000001 0.23125 0.025 0.10138888888888889
1 0.726171875 0.24027777777777778 0.03359375 0.11388888888888889
1 0.761328125 0.2916666666666667 0.03828125 0.15555555555555556
1 0.43398437500000003 0.23541666666666666 0.02421875 0.09027777777777778
0 0.491796875 0.21041666666666667 0.055468750000000004 0.08750000000000001
