1 0.24179687500000002 0.5909722222222222 0.10703125000000001 0.3597222222222222
1 0.405078125 0.6430555555555556 0.08984375 0.3388888888888889
1 0.528515625 0.6451388888888889 0.08984375 0.3625
1 0.048046875 0.8250000000000001 0.09453125000000001 0.35000000000000003
0 0.28515625 0.27708333333333335 0.0890625 0.11527777777777778
1 0.42031250000000003 0.275 0.029687500000000002 0.13055555555555556
1 0.516015625 0.36597222222222225 0.047656250000000004 0.1875
1 0.620703125 0.24861111111111112 0.03359375 0.12222222222222223
1 0.722265625 0.25069444444444444 0.03828125 0.1375
1 0.45 0.23125 0.025 0.09027777777777778
0 0.5027343750000001 0.20555555555555557 0.05078125 0.08333333333333334
