0 0.28359375000000003 0.275 0.09375 0.11388888888888889
1 0.6515625 0.39583333333333337 0.060937500000000006 0.22222222222222224
1 0.542578125 0.5263888888888889 0.08046875 0.29444444444444445
1 0.40468750000000003 0.25 0.026562500000000003 0.09722222222222222
0 0.41250000000000003 0.41944444444444445 0.1765625 0.27222222222222225
3 0.07734375 0.4534722222222222 0.153125 0.24583333333333335
0 0.63203125 0.19930555555555557 0.045312500000000006 0.08194444444444444
0 0.5945312500000001 0.18125 0.028125 0.051388888888888894
0 0.566015625 0.1798611111111111 0.025781250000000002 0.04583333333333334
3 0.46484375 0.23611111111111113 0.078125 0.11388888888888889
