1 0.144140625 0.7604166666666667 0.13359375 0.4430555555555556
1 0.547265625 0.5888888888888889 0.08359375000000001 0.325
1 0.443359375 0.5791666666666667 0.08203125 0.3138888888888889
1 0.31367187500000004 0.5180555555555556 0.09453125000000001 0.3111111111111111
1 0.40234375 0.28611111111111115 0.034375 0.13611111111111113
0 0.2828125 0.275 0.09062500000000001 0.10277777777777779
1 0.54296875 0.3354166666666667 0.0484375 0.16527777777777777
1 0.44257812500000004 0.23125 0.02421875 0.09027777777777778
1 0.6312500000000001 0.23472222222222222 0.029687500000000002 0.10555555555555556
1 0.72578125 0.24375000000000002 0.0328125 0.12361111111111112
1 0.7761718750000001 0.2923611111111111 0.03359375 0.15416666666666667
0 0.495703125 0.20555555555555557 0.05234375 0.08888888888888889
