1 0.673828125 0.325 0.04453125 0.17222222222222222
1 0.397265625 0.6729166666666667 0.11484375000000001 0.3763888888888889
1 0.6039062500000001 0.4166666666666667 0.059375000000000004 0.23611111111111113
0 0.28359375000000003 0.2791666666666667 0.0921875 0.12222222222222223
0 0.63828125 0.18958333333333335 0.0390625 0.08194444444444444
0 0.591015625 0.18472222222222223 0.039843750000000004 0.061111111111111116
0 0.5632812500000001 0.1798611111111111 0.021875000000000002 0.043055555555555555
1 0.36640625000000004 0.2701388888888889 0.0234375 0.10416666666666667
3 0.419921875 0.26666666666666666 0.07890625000000001 0.15
0 0.5171875 0.3229166666666667 0.1171875 0.1763888888888889
