1 0.679296875 0.3125 0.047656250000000004 0.16666666666666669
1 0.44179687500000003 0.5916666666666667 0.09765625 0.3472222222222222
1 0.616796875 0.3944444444444445 0.057031250000000006 0.22222222222222224
0 0.5375 0.30486111111111114 0.1078125 0.16805555555555557
0 0.28164062500000003 0.2729166666666667 0.09296875 0.11805555555555557
3 0.40664062500000003 0.275 0.09921875000000001 0.15833333333333333
0 0.46328125000000003 0.24027777777777778 0.0484375 0.1
1 0.351171875 0.2798611111111111 0.02421875 0.10972222222222222
0 0.63671875 0.18611111111111112 0.046875 0.08611111111111111
0 0.5875 0.18680555555555556 0.043750000000000004 0.05694444444444444
0 0.5625 0.17916666666666667 0.021875000000000002 0.05
