1 0.12265625000000001 0.7743055555555556 0.1390625 0.44027777777777777
1 0.5453125 0.6 0.07968750000000001 0.3277777777777778
1 0.435546875 0.5923611111111111 0.08359375000000001 0.3125
1 0.30078125 0.5326388888888889 0.0890625 0.3263888888888889
0 0.28359375000000003 0.27708333333333335 0.0921875 0.11527777777777778
1 0.40273437500000003 0.28541666666666665 0.03671875 0.14305555555555557
1 0.54140625 0.3451388888888889 0.051562500000000004 0.16527777777777777
1 0.723828125 0.2423611111111111 0.03515625 0.12083333333333333
1 0.628515625 0.24027777777777778 0.02734375 0.11388888888888889
1 0.7757812500000001 0.29444444444444445 0.035937500000000004 0.15
0 0.496875 0.20625000000000002 0.05 0.09027777777777778
1 0.44296875 0.23055555555555557 0.026562500000000003 0.09444444444444444
