0 0.28359375000000003 0.2777777777777778 0.08750000000000001 0.1388888888888889
1 0.654296875 0.38472222222222224 0.06015625 0.2138888888888889
0 0.42500000000000004 0.4104166666666667 0.16718750000000002 0.2569444444444445
1 0.546875 0.5173611111111112 0.0765625 0.2902777777777778
1 0.40351562500000004 0.24930555555555556 0.032031250000000004 0.10138888888888889
0 0.6316406250000001 0.1951388888888889 0.04453125 0.09027777777777778
3 0.0734375 0.46458333333333335 0.1453125 0.24861111111111112
0 0.566796875 0.18055555555555555 0.02421875 0.044444444444444446
0 0.5945312500000001 0.18125 0.028125 0.05416666666666667
3 0.46171875 0.23611111111111113 0.08125 0.10555555555555556
