0 0.28125 0.2763888888888889 0.0890625 0.10833333333333334
1 0.43046875 0.23680555555555557 0.0234375 0.09305555555555556
1 0.26875 0.6083333333333334 0.1078125 0.3611111111111111
1 0.573828125 0.5305555555555556 0.07109375 0.2888888888888889
1 0.4859375 0.513888888888889 0.07187500000000001 0.26944444444444443
1 0.38671875 0.45069444444444445 0.08125 0.2625
1 0.36484375 0.30694444444444446 0.025 0.13333333333333333
1 0.5730468750000001 0.3138888888888889 0.041406250000000006 0.14444444444444446
1 0.63828125 0.2263888888888889 0.028125 0.09722222222222222
1 0.7265625 0.2423611111111111 0.034375 0.1125
1 0.759765625 0.2923611111111111 0.03671875 0.14305555555555557
0 0.48945312500000004 0.2111111111111111 0.057031250000000006 0.08611111111111111
