0 0.28203125 0.2743055555555556 0.09531250000000001 0.12361111111111112
1 0.650390625 0.39861111111111114 0.057031250000000006 0.23055555555555557
1 0.536328125 0.5423611111111112 0.08515625 0.30694444444444446
0 0.405078125 0.4277777777777778 0.17734375000000002 0.28611111111111115
3 0.083984375 0.4465277777777778 0.16640625 0.24027777777777778
1 0.40859375000000003 0.24791666666666667 0.026562500000000003 0.09861111111111112
0 0.6316406250000001 0.19791666666666669 0.047656250000000004 0.08750000000000001
0 0.566796875 0.17777777777777778 0.02734375 0.05
0 0.5953125 0.18333333333333335 0.026562500000000003 0.05277777777777778
3 0.466796875 0.2388888888888889 0.08046875 0.12222222222222223
