1 0.5046875000000001 0.6958333333333334 0.0921875 0.3805555555555556
1 0.369921875 0.7000000000000001 0.09609375 0.375
1 0.180078125 0.6590277777777778 0.11484375000000001 0.39861111111111114
0 0.283984375 0.27569444444444446 0.08671875000000001 0.10972222222222222
0 0.50546875 0.20277777777777778 0.0546875 0.08333333333333334
1 0.49257812500000003 0.3909722222222222 0.047656250000000004 0.2013888888888889
1 0.43398437500000003 0.26805555555555555 0.02890625 0.12222222222222223
1 0.455078125 0.2263888888888889 0.02109375 0.09166666666666667
1 0.6136718750000001 0.2534722222222222 0.030468750000000003 0.12361111111111112
1 0.720703125 0.2548611111111111 0.03671875 0.12916666666666668
